MSE: 0.041381982219079634
RMSE: 0.20342561839424167
MAE: 0.16445169611017546
MAPE: 5204692828361.825
PEARSON: 0.4964974828051954
SPEARMAN: 0.5097655430105955
R2: 0.17982845916375745
